13480253104	180	180	360
13502468823	7335	110349	117684
13560439658	2034	5892	7926
13600217502	1080	186852	187932
13602846565	1938	2910	4848
13660577991	6960	690	7650
13719199419	240	0	240
13726230503	2481	24681	27162
13760778710	120	120	240
13823070001	360	180	540
13826544101	264	0	264
13922314466	3008	3720	6728
13925057413	11058	48243	59301
13926251106	240	0	240
13926435656	132	1512	1644
15013685858	3659	3538	7197
15920133257	3156	2936	6092
15989002119	1938	180	2118
18211575961	1527	2106	3633
18320173382	9531	2412	11943
84138413	4116	1432	5548
